235910
423586
130085
316736
415018
327214
441911
257490
410502
486226
162121
178466
482732
137423
167592
184873
3920
52046
145279
11846
300632
156286
344157
285512
478820
112348
200081
129922
6446
340791
474100
100842
344833
406776
193643
314564
326627
150360
475607
292749
275644
414118
240477
462797
51835
210160
397490
437248
283216
172982
292200
145520
15875
164628
59931
106537
373006
434282
21208
111811
64402
285660
388616
335106
229000
272500
328414
397014
124732
24929
334833
190612
102387
407669
430106
317832
113092
324775
399125
295231
202709
115033
104026
262608
40625
127123
401056
268174
15309
224340
299738
310012
304488
144888
262693
185087
93904
335715
443349
334320
275363
85305
198354
275026
2123
4068
391688
380515
417717
139657
328226
200715
202820
269001
116005
217380
304135
178836
358413
392793
319004
32143
320268
101816
10052
219209
95002
33742
315210
408893
324136
412571
222
348214
184723
412219
273140
306505
165697
436581
243231
424175
99773
493467
60396
105480
4040
216145
415409
489760
9404
176540
316141
446208
26730
490117
180453
463545
305819
334022
302516
247822
192289
387322
156090
299145
176990
354942
295634
211212
262735
155415
304110
426353
243951
36616
314982
183152
206275
333361
105097
413740
405157
296083
115068
383499
175226
400761
4194
417189
155476
296858
488130
122406
389229
62213
239212
103786
272411
211709
51730
259521
378856
449924
287426
365544
387106
467147
320088
282092
169675
152753
292390
262407
82731
440339
482949
3976
111851
104925
457077
258977
287824
204154
440835
12467
185360
492582
14693
444439
357155
41029
270509
114912
235907
461391
13493
50111
357705
71377
419465
162068
221609
33420
276911
204095
202328